BACCHYLIDES

 

 

J ebb E 1 J ebb E J ebb Ε J ebb E
17 13 Frag. Frag. Frag.
18 14 14 691 31 44A 48 43
19 15 15 6913 32 72 49 1511
16 70 33 73 50 66
Frag. 17 6 34 74 51 18
1 42 18 46 35 p. 84 52 61
2 1 19 47 36 4 53 3
3 7 20 48 37 5 54 19
4 8 21 49 38 17 55 29
5 9 22 52 39 21 56 10·33 ¹?
6 16 23 2 40 24 57 63
7 2⁹ 24 55 41 59 58 62
8 ··’ 25 51 42 28 59 p, 81η
9 23 26 53 43 65 60 45
10 25 2 54 44 60 61 64
1 1 26 28 57 45 20
12 27 29 50 46 16η
13 68 30 56 47 44
Siiss E Siiss E Siiss E Siiss E
1 29 Frag Frag. Frag.
2 30 1 42 19 6913 371³ 58
3 31 2 1 20 ’70 38 59
4 32 3 4 21 6 39 441
5 33 4 7 22 46 40 45
6 34 5 8 23 47 41 20
7 35 6 9 24 48 42 19
8 36 7 21 25 49 43 p. 81
9 37 8 17 26 10-30 44 43
10 38 9 18 27 50 45 60
11 39 10 44 28 2913 46 61
12 40 11 29 29 51 47 3
13 41 12 ·’ 30 52 48 62
14 10 13 23 31 2 49 63
15 11 13Α 24 32 53 50 64
16 12 14 25 33 54 51 65
17 13 15 26 34 55 52 29
18 14 16 27 35 56 53 10·33 ἲ
19 15 - 164 67 36 40205 53Δ 66
20 16 17 68 37 57
18 694 37A ’72
Ε ng. Hil. J ebb Sijss ' Ε ng. ΗΠ. J ebb Siiss
1 11 7 fr. 2 fr. 2 7 13 8 fr. 3 fr. 4
2 40 32 fr. 23 fr. 31 8 14 9 fr. 4 fr. 5
3 64 — fr. 53 fr. 47 9 15 — fr. 5 fr. 6
4 12 - fr. 36 fr. 3 29 22
5 11η - fr. 37 fr. 2η 10 35 27 14 14
6 28 19 fr. 17 1221 ἱ 59? —

682

