BACCHYLIDES

 

Ε ng. ml. Dl. Ε ng. Hil. Dl. Ε ng. 1111. Dl.
26 4 3a 12 32 - — 4 33 40 — —
27 2 3 11 33 — —- 5 39 41 — —
23 7 — 34 12 - 17 40 23 14 3
29 2 - 35 39 — — 41 9 13 1
30 24 — 13 36 27 — —-
31 33 - — 37 33 — —
BACCHYLIDES
ng. Ε ng. Ε ng. Ε ng Ε
1 33- -50 13 17 36 43 54 20
ς, 33 160 19 20 37 50 55 19
⁶ 57 20 ⁶ 33 51 56 44
3 49 21 23 39 52 57 23
4 42 22 25 40 2 53 p. 31η
5 424 23 26 41 16 59 10 33 2
6 33- 37 24 63 42 53 60 43
7 29 13 25 694 43 54 61 154
3 29-76 26 6913 44 55 62 60
9 331 27 70 45 56 63 61
10 1233 23 6 46 40205 64 3
11 1 29 10-50 47 33-26 65 62
12 4 30 29159 43 73 66 63
13 7 31 27 49 74 67 64
14 3 32 13 50 59 63 65
15 9 33 46 51 444 69 29
16 21 · 34 47 40- 53
17 122 35 1030 53 45
Hil. Ε Hn. Ε Hil. Ε Hil. Ε
1 33-50 12 13 24 27 36 55
2 33311 33 33 33
3 42 15 63 27 10-30 39 3326
4 33- 37 16 694 23 43 40 73
5 29- 76 17 6911 29 50 41 74
6 33· 1 18 70 30 51
7 1 19 6 31 52
3 7 20 49 32 2
9 3 21 29-13 33 16
10} 00 22 10-50 34 53
11 -7 23 29159 35 54
Jebb Ε Jebb Ε Jebb Ε Jebb Ε
1·1 29111 5 33 9 37 13 41
2 30 6 34 10 33 14 10
3 31 7 35 11 39 15 11
4 32 3 36 12 40 16 12

 

 

 

681

