.E
87

88

89
90
91
92
93
94
95
96
97
98
99
100
101
102
103
1034
104
1044
105
1054
106
107
108
109)
1105

UOE*1& 0¹ “3001qu

.-.
.

Όωκ] ΦΘῚρωΝΗ-Ἐ

0
00
00

ng.
106
Shn.
46
142
143

107
125
112
108
109
111
110
116
113
114
1154
115ss
118
119
120
121
122
127

128

mmwwfflffiffl

μι-ιμ
ἰθὺ-*Φ

Terp.

FOLKSONGS

inu. In. E ng. IfiL
58 010 111 130 —-
sun. 112 131 -
29 - cann.Pop.
82 018 112* 45 49
83 019 113 99 50
—- —- 114 100 51
z 1 39 39·
59 A 116 91 41
77 p.302 117 132 —-
64 A 5 118 133 -
60 022 119 134 -
61 024 120 -
63 026 121 13⁰ ’-
62 025 122 138 78
68 027 123 139 79
65 A 6 122³ p. 80 p.182
66 AIO 125 ff - -
67 A 4 126 - -
70 Μ25 127 - -
71 035 128 - -
72 034 129 - —-
73 A 9 130 —— -
74 033 131 84 33
ἙΟΒΚ8οΝ08
ng. ,Ε ng. .E ng.
10 13 18 24 26
7 19 30 27
11 8 20 31 28
[9 21 33 41
13 16 224 32 42
14 21 22ss 35 43
15 23 36 44
16 22 24 39 45
17 23 25 15
tan. E [fin. Ε tna.
10 12 20 29 30
11 13 21 30 31
[7 22 31 44
12 8 223 34 45
19 23 33 46
123 p.604n 24 32 47
14 16 25 35 48
13 21 {ga p.5{g 49
17 22 27 39 51
18 23 28 15
19 24 29 38

Μ11

Ιε4ω Ι

112Ᾰ

112ᾋ

