ἕ

μοφωηωωᾼωωμ,

5!

»αι-ι

-A

tooeqmffitbfflNM-ss3

oeoeqmwmwmflffl

Ξ

11
12
13
14
15
16
17

ηωρωωμω

μ
0

oeoeqmwsswwfflffl

gzoeqmmsswmss

1:33*
Φθίου-*ΟΦ

5ᾶὲξέ

ΜΝ)
00

-a

23

Ξ

Ὦωκῖῢῐῆῠΰῦϋὶξνβωῐῦμ ·

ι-ιμ

Ξ

SCOLIA

E
21
5
8
9
16
17
18
19

11
12
13
14
15

εᾶπεςῑιωπεεωωηωψρωωμε

Ν)
0

ΗΠ. Ε
20 22
21 12
22 13
23 14
24 15
26 20
27 26
28 27
Dl. E
19 16
20 17
21 18
22 19
23 20
24 21
25 22
27 10
28 26

Ε ng.
18 24
19 25
20 27
21 14
22 26
23 28
24 1
25 —
26 29
27 30
28 -—-
29 p. 200
30 {02¹-
31 p. 199
32 p. 198
33 ρ. 199
34 p. 201
35 —
36

 

ml. E ·
29 29
30 30
31 31
32 32
33 33
34 34
Dl. E
29 27
31 29
32 30
33 31
34 32
35 33
36 34
Hil. Dl.
18 21
19 22
26 23
12 24
20 25
p. 2750 p. 108
p. 2180 p, 60
{3 ᾗ
28 29
ὦ Ξῖ
30 32
31 33
32 34
33 35
34 36
—- 30

