 

In. ⁴E
La L 1
Lb L 2
Lc L 5
,Ε ng.
L 1 1
L 2 2
L 3 3
L 4 5
L 5 4
0 1 p.609
0 2 6
0 3
g ἑ] 11
0 6 7
0 7 p 610
0 8 8
ng. ,Ε
301 -
303 50
31 3
32 4
331 5
333 -
34 6
35 7
36 8
371 9
373 10
38 11
40 17
41 53
42 12
431 13
433 14
44 52
45 15
461 16
463 Al‘f-J‘·
471 43
473 18
48 20
49 21
50 51
51 22

52 221

ΦΙΙΙ

(Ξ
ετ

53
54
55
561
563
57
58
59
60
61
62
63
64
65
66
67
68
69
70
71
72
73
74
75
76
77
78
791

 

l ΙβυῑωίΰΙ-ὲέ

 

DL Ε

02 0 9
03 010
04

DL E
La 0 9
Lb 010
Le cll
Ld 012
Le 013
- 014
05 015

016
- 017
018

- 019
- 020
01
ADESPOTA
,Ε ng.
23 793
44 790
45 80
Sa. 81
35 821
34 823
26 831
24 833
25 84
27 861
{3 8613
29 87
30 88
31 89
32 90
33 91
34 92
65 93
66 94
67 95
35 96
36 97
37 98
38 99
39 100
40 101
55 102
56 103

ADES POT A

013

4Ε

 

In. In.
05 0 2 07
06 015 08
ng. Inh
9 7
10 8
p.609 -—
12 -
13 9
16 12
14 11
17 -
19 -
20 13
18 ——
15 —-
Ε ng.
ἐξ 1041
60 1043
61 105
62 106
63 107
64 108
68 109
131 110
71 111
Bac 112
72 113
75 114
- 1151
72 1153
133
77 117
78 118
79 119
80 120
81 121
82 122
114 124
76 125
Cyd. 126
84 127

100

102
103

1031
104
101
Tun.
18
1041
105
1051
106
107
42
Tun.

ὦ
685

