ng.

128
129

130
131

toooqcszssmmld ἔτ’-ζ

Ε

109
Sa.

134
111
112

Ε
50
3
4
11
17
53
14
52
15
16
A.lcm
17
22
221
23
65
66
67

35
123
70
69
64
122
113
87
85
71
77
78
79
81
23
89

 

Hil.
20
21
22

23
24

25
26
27
28
29
30
31
32
33
34
35

36
37

D1.¹

Chor.

19
20
21
22

23

24
25
26
27
28
29
30
31
32
33
34
35

ng.
132
133
134
135
136

Ε
35
36
37
Ale.
53
38
39
40
56
54
41
62
63
64
131

ἦ
Bac.
75)

..a

75

Ε

90
114
84
97

Terp.

4
98
100
99
101
83
82
80
76
54
107
105Α
105

ADESPOTA

Ε

117
118
119
120

Hil.
38
39
40
41
42
43
44
45
46
47
48
49
50
51
52
53
54

55
56

D1.¹

Chor.
36
37
38
39
40

ἱ

ng.

137
138
139
140
141

Ε

72
74
116
77
78
79
80
81
82
83
113
114
76
Cyd.
84
Sa.
133
85

E

124
125
126
127
128

 

Mon.

1

2
33,
31)

»μ

5
6
7
8

9

An.
15
59

Sa.

113
39
24
27
40
28
26

ἱ

Ε

122

1

23
70
69

Hil.

57
58
59
60
61
62
63
64
65
66
67
68

69

70
71
72
73
74
75

D1.¹

Mon.

10
11
12
13
14
15
16
17
18
19
20
21
22
23
24
25

263
26b

 

Ε

86
87
94
97
98
100
99
96
102
103Α
104
101
Tim.
18
1041
105
105Α
106
107
42

Ε

47
116
4
42
62
63
53
41
46

36
38
65
66
67
1Ο4Α
57
58

ng.

142
143

Hil.

76

77
78
79
80
81
82
83
84
85
86
87

D1.¹
Alex.

Ε

89
90

ΤιΠι.

95
122
123

70

69

89

90

73

19

48

46

49
1OE
133

1—2-
106
103Α

5-0
75
56

¹ According to his volumes‚ Chori (Chor. or C), Monodja (Mon. or M),
Alexandrini (Alex. or A)

686

